[
    492,
    502,
    504,
    506,
    508,
    510,
    515,
    526,
    535,
    540,
    545,
    555,
    560,
    562,
    564,
    566,
    570,
    580,
    590,
    600,
    610,
    620,
    622,
    624,
    626,
    628,
    635,
    637,
    650,
    660,
    670,
    678,
    680,
    682,
    684,
    686,
    695,
    705,
    720,
    730,
    740,
    745,
    755,
    765,
    775,
    790,
    800,
    802,
    804,
    806,
    808,
    815,
    825,
    830,
    840,
    845,
    855,
    865,
    875,
    885,
    895,
    905,
    915,
    920,
    930,
    940,
    950,
    965,
    970,
    975,
    985,
    995,
    1005,
    1015,
    1025,
    1035,
    1045,
    1055,
    1065,
    1075,
    1085,
    1090,
    1095,
    1100,
    1105,
    1110,
    1115,
    1120,
    1125,
    1130,
    1135,
    1140,
    1150,
    1160,
    1180,
    1190,
    1200,
    1220,
    1240,
    1260,
    1280,
    1300,
    1320,
    1340,
    1360,
    1380
]